Restaurant URL,Restaurant Address,Restaurant Contact Info,Restaurant Name
https://www.justdial.com/Jhansi/Tiwari-Foods-Near-Railway-Station-Railway-Station/9999PX510-X510-140707093005-F5I1_BZDET?xid=SmhhbnNpIFJlc3RhdXJhbnRz,"Tiwari Foods in Railway Station, Jhansi",+(91)-8400925364,Tiwari Foods
https://www.justdial.com/Jhansi/Cc2-Family-Restaurant-Opposite-betwa-Bhavan-Civil-Lines/9999PX510-X510-151116191445-F6Q8_BZDET?xid=SmhhbnNpIFJlc3RhdXJhbnRz,"Cc2 Family Restaurant in Civil Lines, Jhansi",+(91)-8005174586,Cc2 Family Restaurant
https://www.justdial.com/Jhansi/Sunrise-Hotel-And-UB-Restaurant-Infront-Of-Nagar-Nigam-Gate-Civil-Lines/9999PX510-X510-100118135306-F6F8DC_BZDET?xid=SmhhbnNpIFJlc3RhdXJhbnRz,"Sunrise Hotel And UB Restaurant in Civil Lines, Jhansi",+(91)-510-2332112,Sunrise Hotel And UB Resta..
https://www.justdial.com/Jhansi/Hotel-Ambrosia-And-Restaurants-Sipri-Bazar/9999PX510-X510-141209154528-Q2V5_BZDET?xid=SmhhbnNpIFJlc3RhdXJhbnRz,"Hotel Ambrosia And Restaurants in Sipri Bazar, Jhansi",+(91)-510-2360024,Hotel Ambrosia And Restaur..
https://www.justdial.com/Jhansi/Tulsi-Restaurant-Near-Chitra-Crossing-Railway-Station-Chitra-Cinema-Chowk-Civil-Lines/9999PX510-X510-131025132051-U4C6_BZDET?xid=SmhhbnNpIFJlc3RhdXJhbnRz,"Tulsi Restaurant in Civil Lines, Jhansi",+(91)-510-6451533,Tulsi Restaurant
https://www.justdial.com/Jhansi/Shivam-Restaurant-Manik-Chowk/9999PX510-X510-090915213544-J8M1DC_BZDET?xid=SmhhbnNpIFJlc3RhdXJhbnRz,"Shivam Restaurant in Manik Chowk, Jhansi",+(91)-9415504618,Shivam Restaurant
https://www.justdial.com/jhansi/Caf-e-606-Jhansi-Sadar-Bazar/9999PX510-X510-140418104151-N3M3_BZDET?xid=SmhhbnNpIFJlc3RhdXJhbnRz,"Cafe 606 in Jhansi Sadar Bazar, jhansi",+(91)-510-6540146,Cafe 606
https://www.justdial.com/jhansi/Siddhivinayak-Family-Restaurant-Jhansi-City/9999PX510-X510-140414195258-B3U4_BZDET?xid=SmhhbnNpIFJlc3RhdXJhbnRz,"Siddhivinayak Family Restaurant in Jhansi City, jhansi",+(91)-7275748587,Siddhivinayak Family Resta..
https://www.justdial.com/Jhansi/Sita-Bar-Civil-Lines/9999PX510-X510-130622124411-A6S5_BZDET?xid=SmhhbnNpIFJlc3RhdXJhbnRz,"Sita Bar in Civil Lines, Jhansi",+(91)-510-2442956,Sita Bar
https://www.justdial.com/jhansi/Vidhata-Restaurant-Elite-Chowraha/9999PX510-X510-131229142713-V8H8_BZDET?xid=SmhhbnNpIFJlc3RhdXJhbnRz,"Vidhata Restaurant in Elite Chowraha, jhansi",+(91)-9415059017,Vidhata Restaurant
https://www.justdial.com/Jhansi/Shivam-Restaurant-Jhansi-City/9999PX510-X510-090920190932-W7I4DC_BZDET?xid=SmhhbnNpIFJlc3RhdXJhbnRz,"Shivam Restaurant in Jhansi City, Jhansi",+(91)-510-2351606,Shivam Restaurant
https://www.justdial.com/jhansi/Sidh-Vinayak-Family-Restaurant-Elite-Chauraha-Near-Damru-Talkies/9999PX510-X510-131230143520-W7T1_BZDET?xid=SmhhbnNpIFJlc3RhdXJhbnRz,"Sidh Vinayak Family Restaurant in Elite Chauraha, Near Damru Talkies, jhansi",+(91)-7275748587,Sidh Vinayak Family Restau..
https://www.justdial.com/jhansi/Shidhi-Vinayak-Kepili-Restaurants-Above-Axix-Bank-Elite-Choraha/9999PX510-X510-131229155844-I8H1_BZDET?xid=SmhhbnNpIFJlc3RhdXJhbnRz,"Shidhi Vinayak Kepili Restaurants in Above Axix Bank, Elite Choraha, jhansi",+(91)-8423413349,Shidhi Vinayak Kepili Rest..
https://www.justdial.com/Jhansi/Red-Tomato-Civil-Lines-Chitra-Chouraha/9999PX510-X510-140825132842-R8S2_BZDET?xid=SmhhbnNpIFJlc3RhdXJhbnRz,"Red Tomato in Chitra Chouraha, Jhansi",+(91)-510-2444943,Red Tomato
https://www.justdial.com/jhansi/Radhika-Restaurant-Out-Side-Badagaon-Gate-Near-Master-Colony/9999PX510-X510-131230195122-A6K9_BZDET?xid=SmhhbnNpIFJlc3RhdXJhbnRz,"Radhika Restaurant in Out Side Badagaon Gate, Near Master Colony, jhansi",+(91)-9793842973,Radhika Restaurant
https://www.justdial.com/jhansi/Sagar-Restaurant-Sardari-LAL-Market-Civil-Lines/9999PX510-X510-151028131739-D4Z2_BZDET?xid=SmhhbnNpIFJlc3RhdXJhbnRz,"Sagar Restaurant in Civil Lines, jhansi",+(91)-510-2330133,Sagar Restaurant
https://www.justdial.com/jhansi/Maa-Pitamber-Restaurant-Opp-L-B-M-Jhansi-City/9999PX510-X510-130731172621-Y2M9_BZDET?xid=SmhhbnNpIFJlc3RhdXJhbnRz,"Maa Pitamber Restaurant in Jhansi City, jhansi",+(91)-8004480153,Maa Pitamber Restaurant
https://www.justdial.com/Jhansi/Xpress-Delivers-Jhansi-City/9999PX510-X510-140221124541-P9Z9_BZDET?xid=SmhhbnNpIFJlc3RhdXJhbnRz,"Xpress Delivers in Jhansi City, Jhansi",+(91)-9125911171,Xpress Delivers
https://www.justdial.com/jhansi/Nav-Bharat-Restaurant-Jhansi-Sadar-Bazar/9999PX510-X510-140404175009-I3A7_BZDET?xid=SmhhbnNpIFJlc3RhdXJhbnRz,"Nav Bharat Restaurant in Jhansi Sadar Bazar, jhansi",+(91)-510-2470025,Nav Bharat Restaurant
https://www.justdial.com/JHANSI/Bundela-Restaurant-Bar-Manik-Chowk-Chamanganj-Bada-Bazar/9999PX510-X510-1227521580V1N5T8-DC_BZDET?xid=SmhhbnNpIFJlc3RhdXJhbnRz,"Bundela Restaurant & Bar in Manik Chowk, Chamanganj, Bada Bazar, JHANSI",+(91)-510-2441005,Bundela Restaurant & Bar
https://www.justdial.com/Jhansi/Food-Delivery-in-Train-at-Jhansi-Station/9999PX510-X510-140413120018-K4T7_BZDET?xid=SmhhbnNpIFJlc3RhdXJhbnRz,"Food Delivery in Train at Jhansi Station in , Jhansi",+(91)-7408307924,Food Delivery in Train at ..
https://www.justdial.com/Jhansi/Chawla-Chik-Inn-Opposite-Union-Radios-Jhansi-Sadar-Bazar/9999PX510-X510-110127233615-Z4Y1_BZDET?xid=SmhhbnNpIFJlc3RhdXJhbnRz,"Chawla Chik-Inn in Jhansi Sadar Bazar, Jhansi",,Chawla Chik-Inn
https://www.justdial.com/jhansi/Janakash-Restaurants-Near-Umaru-Tokij-Elite-Choraha/9999PX510-X510-131229121845-H4X5_BZDET?xid=SmhhbnNpIFJlc3RhdXJhbnRz,"Janakash Restaurants in Near Umaru Tokij, Elite Choraha, jhansi",+(91)-9932406957,Janakash Restaurants
https://www.justdial.com/Jhansi/Kasturi-Plaza-Manik-Chowk/9999PX510-X510-1236345516J2G6P2-DC_BZDET?xid=SmhhbnNpIFJlc3RhdXJhbnRz,"Kasturi Plaza in Manik Chowk, Jhansi",+(91)-9415030992,Kasturi Plaza
https://www.justdial.com/Jhansi/F-y-i-Restaurant-Ekta-Vihar-In-Front-Of-VLCC-Building-Civil-Lines/9999PX510-X510-150610162851-W3A6_BZDET?xid=SmhhbnNpIFJlc3RhdXJhbnRz,"F.y.i. Restaurant in Civil Lines, Jhansi",+(91)-8005203250,F.y.i. Restaurant
https://www.justdial.com/Jhansi/Meat-Ka-Badshah-Gani-Compound-Near-Elite-Cinema-Civil-Lines/9999PX510-X510-151203153117-V9X3_BZDET?xid=SmhhbnNpIFJlc3RhdXJhbnRz,"Meat Ka Badshah in Civil Lines, Jhansi",+(91)-7678962277,Meat Ka Badshah
https://www.justdial.com/JHANSI/Movie-Restaurant-Opposite-Medical-College-Gate-No-2/9999PX510-X510-120515212100-G4A6_BZDET?xid=SmhhbnNpIFJlc3RhdXJhbnRz,"Movie Restaurant in Opposite Medical College Gate No-2, JHANSI",+(91)-510-2321038,Movie Restaurant
https://www.justdial.com/JHANSI/Dileep-Hotel-Jeevansaha-Opp-Suri-Moters-Gwalior-Road/9999PX510-X510-1238328400G8T1K3-DC_BZDET?xid=SmhhbnNpIFJlc3RhdXJhbnRz,"Dileep Hotel in Gwalior Road, JHANSI",+(91)-9936502907,Dileep Hotel
https://www.justdial.com/Jhansi/New-Suresh-Hotel-Near-mission-gate-Gwalior-Road/9999PX510-X510-170102181645-W3Q4_BZDET?xid=SmhhbnNpIFJlc3RhdXJhbnRz,"New Suresh Hotel in Gwalior Road, Jhansi",+(91)-7522092194,New Suresh Hotel
https://www.justdial.com/jhansi/FRY-center-infront-of-axis-bank-Civil-Lines/9999PX510-X510-131229122632-Z9A2_BZDET?xid=SmhhbnNpIFJlc3RhdXJhbnRz,"FRY center in Civil Lines, jhansi",+(91)-9506995717,FRY center
https://www.justdial.com/jhansi/Makrani-Dhaba-Civil-Lines/9999PX510-X510-140417183552-L6L2_BZDET?xid=SmhhbnNpIFJlc3RhdXJhbnRz,"Makrani Dhaba in Civil Lines, jhansi",+(91)-9415505391,Makrani Dhaba
https://www.justdial.com/jhansi/New-Mayur-Dhaba-Near-Anand-Hotel-Civil-Lines/9999PX510-X510-140417183150-P7A3_BZDET?xid=SmhhbnNpIFJlc3RhdXJhbnRz,"New Mayur Dhaba in Civil Lines, jhansi",+(91)-8417060121,New Mayur Dhaba
https://www.justdial.com/Jhansi/18-Flavours-Near-Union-Bank-Jhansi-Sadar-Bazar/9999PX510-X510-160109141957-B1A8_BZDET?xid=SmhhbnNpIFJlc3RhdXJhbnRz,"18 Flavours in Jhansi Sadar Bazar, Jhansi",+(91)-9935055041,18 Flavours
https://www.justdial.com/Jhansi/Biryaani-Corner/9999PX510-X510-091221183038-D2E2_BZDET?xid=SmhhbnNpIFJlc3RhdXJhbnRz,"Biryaani Corner in , Jhansi",+(91)-9889961350,Biryaani Corner
https://www.justdial.com/jhansi/Shri-Ram-Dhaba-Restaurant-Behind-ITI/9999PX510-X510-131126234337-M1I3_BZDET?xid=SmhhbnNpIFJlc3RhdXJhbnRz,"Shri Ram Dhaba & Restaurant in Behind ITI, jhansi",+(91)-9452119610,Shri Ram Dhaba & Restauran..
https://www.justdial.com/jhansi/India-Dhaba-In-Front-Of-Ashok-Bar-Elite-Choraha/9999PX510-X510-131229134309-H3A6_BZDET?xid=SmhhbnNpIFJlc3RhdXJhbnRz,"India Dhaba in In Front Of Ashok Bar, Elite Choraha, jhansi",+(91)-9506522422,India Dhaba
https://www.justdial.com/jhansi/Makrani-Dhaba-In-Front-Of-Damru-Tokij-Elite-Choraha/9999PX510-X510-131229141619-Y9S8_BZDET?xid=SmhhbnNpIFJlc3RhdXJhbnRz,"Makrani Dhaba in In Front Of Damru Tokij, Elite Choraha, jhansi",+(91)-8726489358,Makrani Dhaba
https://www.justdial.com/jhansi/Prakesh-Regency-Bar-Restaurant-Elite-Chowk/9999PX510-X510-131229184029-H1C7_BZDET?xid=SmhhbnNpIFJlc3RhdXJhbnRz,"Prakesh Regency Bar & Restaurant in Elite Chowk, jhansi",+(91)-9455909748,Prakesh Regency Bar & Rest..
https://www.justdial.com/jhansi/Hotel-Sahi-Dhaba-Civil-Lines/9999PX510-X510-140417183359-C8A7_BZDET?xid=SmhhbnNpIFJlc3RhdXJhbnRz,"Hotel Sahi Dhaba in Civil Lines, jhansi",+(91)-9794383877,Hotel Sahi Dhaba
https://www.justdial.com/jhansi/Bidhata-Restaurant-elite-square-Civil-Lines/9999PX510-X510-140418142002-Q5P7_BZDET?xid=SmhhbnNpIFJlc3RhdXJhbnRz,"Bidhata Restaurant in Civil Lines, jhansi",+(91)-9415059817,Bidhata Restaurant
https://www.justdial.com/Jhansi/The-Shakahari-nxt-to-idea-showroom-Sadar-Bazar/9999PX510-X510-150331142903-K9A9_BZDET?xid=SmhhbnNpIFJlc3RhdXJhbnRz,"The Shakahari in  Sadar Bazar, Jhansi",+(91)-7503881683,The Shakahari
https://www.justdial.com/Jhansi/Piya-Restaurant-Near-District-Hospital-Minerva-Chauraha-Manik-Chowk/9999PX510-X510-150909122028-G6J3_BZDET?xid=SmhhbnNpIFJlc3RhdXJhbnRz,"Piya Restaurant in Manik Chowk, Jhansi",+(91)-9889043003,Piya Restaurant
https://www.justdial.com/Jhansi/Cafe-1857-above-union-bank-2nd-floor-Sadar-Bazar/9999PX510-X510-161205195227-A7F2_BZDET?xid=SmhhbnNpIFJlc3RhdXJhbnRz,"Cafe 1857 in  Sadar Bazar, Jhansi",+(91)-9889774774,Cafe 1857
https://www.justdial.com/Jhansi/Trimurti-Fast-Food-Restaurant-Near-Rama-Book-Depot-Arya-Kanya-Sipri-Bazar/9999PX510-X510-160929141342-K8U7_BZDET?xid=SmhhbnNpIFJlc3RhdXJhbnRz,"Trimurti Fast Food & Restaurant in Sipri Bazar, Jhansi",+(91)-9415934904,Trimurti Fast Food & Resta..
https://www.justdial.com/Jhansi/Aroma-Opposite-Medical-College-Gate-No-1/9999PX510-X510-131025153957-Y3L3_BZDET?xid=SmhhbnNpIFJlc3RhdXJhbnRz,"Aroma in Opposite Medical College Gate No 1, Jhansi",+(91)-510-2321133,Aroma
https://www.justdial.com/jhansi/Shahi-Dhaba-In-Front-Of-Damru-Tokij-Elite-Choraha/9999PX510-X510-131229142013-D3P5_BZDET?xid=SmhhbnNpIFJlc3RhdXJhbnRz,"Shahi Dhaba in In Front Of Damru Tokij, Elite Choraha, jhansi",+(91)-9794383877,Shahi Dhaba
https://www.justdial.com/jhansi/New-Mayur-Dhaba-In-Front-Of-Damru-Tokij-Elite-Choraha/9999PX510-X510-131229142300-K1W9_BZDET?xid=SmhhbnNpIFJlc3RhdXJhbnRz,"New Mayur Dhaba in In Front Of Damru Tokij, Elite Choraha, jhansi",+(91)-7860241458,New Mayur Dhaba
https://www.justdial.com/jhansi/Palki-Restaurant-Nashta-Centre-Chamanganj-Near-SBI-Nank-Bada-Bazar/9999PX510-X510-131230214018-V7X1_BZDET?xid=SmhhbnNpIFJlc3RhdXJhbnRz,"Palki Restaurant & Nashta Centre in Bada Bazar, jhansi",+(91)-9415923470,Palki Restaurant & Nashta ..
https://www.justdial.com/Jhansi/Hungry-Minds-Restaurant-mission-gate-BKD-Chok/9999PX510-X510-150609161603-F7K8_BZDET?xid=SmhhbnNpIFJlc3RhdXJhbnRz,"Hungry Minds Restaurant in BKD Chok, Jhansi",+(91)-9458400721,Hungry Minds Restaurant
https://www.justdial.com/Jhansi/Vaishno-Restaurant-Near-Awas-Vikas-Tiraha-Nandan-Pura/9999PX510-X510-151229145516-X3U1_BZDET?xid=SmhhbnNpIFJlc3RhdXJhbnRz,"Vaishno Restaurant in Nandan Pura, Jhansi",+(91)-9616133917,Vaishno Restaurant
https://www.justdial.com/Jhansi/Tuck-Point-Near-BBC-COLLEGE-Govind-Chorara/9999PX510-X510-160331163757-G9J3_BZDET?xid=SmhhbnNpIFJlc3RhdXJhbnRz,"Tuck Point in Govind Chorara, Jhansi",+(91)-9559712672,Tuck Point
https://www.justdial.com/Jhansi/Sahara-Restaurant/9999PX510-X510-170103170456-M5C9_BZDET?xid=SmhhbnNpIFJlc3RhdXJhbnRz,"Sahara Restaurant in , Jhansi",+(91)-9889601441,Sahara Restaurant
https://www.justdial.com/Jhansi/Star-Cafe-Near-Hindustan-tiles-Shivaji-Nagar/9999PX510-X510-161208123746-W6J6_BZDET?xid=SmhhbnNpIFJlc3RhdXJhbnRz,"Star Cafe in Shivaji Nagar, Jhansi",+(91)-8924012704,Star Cafe
https://www.justdial.com/Jhansi/Trimurti-Fast-Food-And-Restaurant-Rama-book-depot-chouraha-Sipri-Bazar/9999PX510-X510-161213142504-K1F5_BZDET?xid=SmhhbnNpIFJlc3RhdXJhbnRz,"Trimurti Fast Food And Restaurant in Sipri Bazar, Jhansi",+(91)-8353916903,Trimurti Fast Food And Res..
https://www.justdial.com/Jhansi/The-shakhari-Jaryai/9999PX510-X510-150111111635-T1W9_BZDET?xid=SmhhbnNpIFJlc3RhdXJhbnRz,"The shakhari in Jaryai, Jhansi",+(91)-9956027777,The shakhari
https://www.justdial.com/jhansi/OPIUM-opp-petrol-pump-Sadar-Bazar/9999PX510-X510-131228183110-W2K5_BZDET?xid=SmhhbnNpIFJlc3RhdXJhbnRz,"OPIUM in  Sadar Bazar, jhansi",+(91)-510-2371444,OPIUM
https://www.justdial.com/Jhansi/Khana-Khazana-Family-Restaurant-Near-Rewa-Jhansi-Sadar-Bazar/9999PX510-X510-120809105417-I3M4_BZDET?xid=SmhhbnNpIFJlc3RhdXJhbnRz,"Khana Khazana Family Restaurant in Jhansi Sadar Bazar, Jhansi",+(91)-9935114011,Khana Khazana Family Resta..
https://www.justdial.com/Jhansi/Palki-Restaurant-Bundela-Bar-Manik-Chowk/9999PX510-X510-120809140601-C2M2_BZDET?xid=SmhhbnNpIFJlc3RhdXJhbnRz,"Palki Restaurant in Manik Chowk, Jhansi",+(91)-8115500000,Palki Restaurant
https://www.justdial.com/Jhansi/ROCK-N-ROLL-Restaurant-Near-V-Mart-Civil-Lines/9999PX510-X510-151017123801-I7U5_BZDET?xid=SmhhbnNpIFJlc3RhdXJhbnRz,"ROCK N ROLL Restaurant in Civil Lines, Jhansi",+(91)-8081115613,ROCK N ROLL Restaurant
https://www.justdial.com/Jhansi/Opium-Jhansi-Cantt-Jhansi-Sadar-Bazar/9999PX510-X510-131025145658-C3K5_BZDET?xid=SmhhbnNpIFJlc3RhdXJhbnRz,"Opium in Jhansi Sadar Bazar, Jhansi",,Opium
https://www.justdial.com/Jhansi/Big-Chef-restaurant-Near-Dr-P-K-Jain-Medical-College-Road/9999PX510-X510-130926091501-H2D2_BZDET?xid=SmhhbnNpIFJlc3RhdXJhbnRz,"Big Chef restaurant in Medical College Road, Jhansi",+(91)-8009011100,Big Chef restaurant
https://www.justdial.com/JHANSI/New-Hakeems-Opp-pramod-petrol-pump-Civil-Lines/9999PX510-X510-1233237360C2D5U5-DC_BZDET?xid=SmhhbnNpIFJlc3RhdXJhbnRz,"New Hakeems in Civil Lines, JHANSI",+(91)-510-2330281,New Hakeems
https://www.justdial.com/Jhansi/New-Suresh-Hotel-Mission-gate-near-pnb-bank-Gwalior-Road/9999PX510-X510-170214160612-R6X5_BZDET?xid=SmhhbnNpIFJlc3RhdXJhbnRz,"New Suresh Hotel in Gwalior Road, Jhansi",+(91)-7522092196,New Suresh Hotel
https://www.justdial.com/Jhansi/Janaks-Restaurant-Civil-Lines/9999PX510-X510-170605175827-V3U3_BZDET?xid=SmhhbnNpIFJlc3RhdXJhbnRz,"Janaks Restaurant in Civil Lines, Jhansi",+(91)-9643748416,Janaks Restaurant
https://www.justdial.com/Jhansi/Maa-Lehar-Food-Point-Near-pandit-vivah-ghar-Sipri-Bazar/9999PX510-X510-170627201504-G4C5_BZDET?xid=SmhhbnNpIFJlc3RhdXJhbnRz,"Maa Lehar Food Point in Sipri Bazar, Jhansi",+(91)-9889756031,Maa Lehar Food Point
https://www.justdial.com/Jhansi/New-Lucknow-Veg-Food/9999PX510-X510-170617182913-S5E7_BZDET?xid=SmhhbnNpIFJlc3RhdXJhbnRz,"New Lucknow Veg Food in , Jhansi",+(91)-7987384525,New Lucknow Veg Food
https://www.justdial.com/Jhansi/Vandana-Sweets-and-Restaurant-Jhokan-Bagh/9999PX510-X510-170605113615-W9A5_BZDET?xid=SmhhbnNpIFJlc3RhdXJhbnRz,"Vandana Sweets and Restaurant in Jhokan Bagh, Jhansi",+(91)-8287022889,Vandana Sweets and Restaur..
https://www.justdial.com/Jhansi/Awadh-food-near-state-bank-Jhansi-Sadar-Bazar/9999PX510-X510-150916110407-J3A4_BZDET?xid=SmhhbnNpIFJlc3RhdXJhbnRz,"Awadh food in Jhansi Sadar Bazar, Jhansi",+(91)-9670805279,Awadh food
https://www.justdial.com/Jhansi/Krishna-Sweets-Snacks-Near-obc-bank-Shivaji-Nagar/9999PX510-X510-131011032652-K3E1_BZDET?xid=SmhhbnNpIFJlc3RhdXJhbnRz,"Krishna Sweets Snacks in Shivaji Nagar, Jhansi",+(91)-9889166460,Krishna Sweets Snacks
https://www.justdial.com/jhansi/Salimar-Dhaba-Jhansi-City/9999PX510-X510-140414194507-W4Q7_BZDET?xid=SmhhbnNpIFJlc3RhdXJhbnRz,"Salimar Dhaba in Jhansi City, jhansi",+(91)-8182098110,Salimar Dhaba
https://www.justdial.com/Jhansi/Siddhi-Vinayak-Restaurant-near-axis-bank-elite-chauraha-Civil-Lines/9999PX510-X510-150901114533-B5V4_BZDET?xid=SmhhbnNpIFJlc3RhdXJhbnRz,"Siddhi Vinayak Restaurant in Civil Lines, Jhansi",+(91)-8962725477,Siddhi Vinayak Restaurant
https://www.justdial.com/Jhansi/Shilpi-Hotel-near-elite-chauraha-and-within-tilak-market-Jhansi-City/9999PX510-X510-160509163207-Y6P5_BZDET?xid=SmhhbnNpIFJlc3RhdXJhbnRz,"Shilpi Hotel in Jhansi City, Jhansi",+(91)-9450081608,Shilpi Hotel
https://www.justdial.com/jhansi/Eat-Point-Jhansi-City/9999PX510-X510-140414214654-C5G7_BZDET?xid=SmhhbnNpIFJlc3RhdXJhbnRz,"Eat Point in Jhansi City, jhansi",+(91)-9455094953,Eat Point
https://www.justdial.com/Jhansi/Dilip-Biryani/9999PX510-X510-170610155847-B1M2_BZDET?xid=SmhhbnNpIFJlc3RhdXJhbnRz,"Dilip Biryani in , Jhansi",+(91)-8869900837,Dilip Biryani
https://www.justdial.com/Jhansi/The-Spice-Restaurant-Near-48-chamber-Civil-Lines/9999PX510-X510-161027172428-C6T1_BZDET?xid=SmhhbnNpIFJlc3RhdXJhbnRz,"The Spice Restaurant in Civil Lines, Jhansi",+(91)-9935436043,The Spice Restaurant
https://www.justdial.com/Jhansi/S3s-Restaurant-Elite-chauraha/9999PX510-X510-170624202620-Y3A5_BZDET?xid=SmhhbnNpIFJlc3RhdXJhbnRz,"S3s Restaurant in Elite chauraha, Jhansi",+(91)-9936240448,S3s Restaurant
https://www.justdial.com/Jhansi/Foody-Favourites-Near-Bharat-kankane-dental-clinic-Civil-Lines/9999PX510-X510-170620174006-N4X1_BZDET?xid=SmhhbnNpIFJlc3RhdXJhbnRz,"Foody Favourites in Civil Lines, Jhansi",+(91)-7052189870,Foody Favourites
https://www.justdial.com/Jhansi/Lajawaab-Restaurent-In-Front-Of-SBI-bank-Sadar-Bazar/9999PX510-X510-150810113615-F5G2_BZDET?xid=SmhhbnNpIFJlc3RhdXJhbnRz,"Lajawaab Restaurent in  Sadar Bazar, Jhansi",+(91)-9415092611,Lajawaab Restaurent
https://www.justdial.com/jhansi/Nataraj-Rass-Bhandar-Jhansi-City/9999PX510-X510-140416114332-C1Z3_BZDET?xid=SmhhbnNpIFJlc3RhdXJhbnRz,"Nataraj Rass Bhandar in Jhansi City, jhansi",+(91)-9236069400,Nataraj Rass Bhandar
https://www.justdial.com/Jhansi/The-Silver-Spoon-Food-court-Sadar-Bazar/9999PX510-X510-170605192214-U3Y3_BZDET?xid=SmhhbnNpIFJlc3RhdXJhbnRz,"The Silver Spoon in  Sadar Bazar, Jhansi",+(91)-9454027192,The Silver Spoon
https://www.justdial.com/Jhansi/Yummiee-Tummiee/9999PX510-X510-170613114319-S3E8_BZDET?xid=SmhhbnNpIFJlc3RhdXJhbnRz,"Yummiee Tummiee in , Jhansi",+(91)-9621908077,Yummiee Tummiee
https://www.justdial.com/Jhansi/Lucknow-Veg-Food-Opposite-Prabhat-tailor-Sipri-Bazar/9999PX510-X510-170620104347-E7K2_BZDET?xid=SmhhbnNpIFJlc3RhdXJhbnRz,"Lucknow Veg Food in Sipri Bazar, Jhansi",+(91)-9839230206,Lucknow Veg Food
https://www.justdial.com/Jhansi/Taste-Of-States-In-front-of-union-radios-Sadar-Bazar/9999PX510-X510-170424184456-V2Z6_BZDET?xid=SmhhbnNpIFJlc3RhdXJhbnRz,"Taste Of States in  Sadar Bazar, Jhansi",+(91)-9628433517,Taste Of States
https://www.justdial.com/jhansi/Jain-Jal-Pan-Grah-Near-SBI-ATM/9999PX510-X510-131229161331-V6E6_BZDET?xid=SmhhbnNpIFJlc3RhdXJhbnRz,"Jain Jal Pan Grah in Near SBI ATM, jhansi",+(91)-9793839560,Jain Jal Pan Grah
https://www.justdial.com/jhansi/Hotel-Aji-Jiya-Out-Side-Samar-Bar/9999PX510-X510-131229163510-Q8U9_BZDET?xid=SmhhbnNpIFJlc3RhdXJhbnRz,"Hotel Aji Jiya in Out Side Samar Bar, jhansi",+(91)-9198763315,Hotel Aji Jiya
https://www.justdial.com/jhansi/Dube-Jalpan-Grah/9999PX510-X510-131229165645-M8H2_BZDET?xid=SmhhbnNpIFJlc3RhdXJhbnRz,"Dube Jalpan Grah in , jhansi",+(91)-9452682386,Dube Jalpan Grah
https://www.justdial.com/jhansi/Puri-Bhojnalaya-Infront-Of-Jail-Janki-Market/9999PX510-X510-131229172722-N4R1_BZDET?xid=SmhhbnNpIFJlc3RhdXJhbnRz,"Puri Bhojnalaya in Infront Of Jail Janki Market, jhansi",+(91)-510-2471198,Puri Bhojnalaya
https://www.justdial.com/jhansi/Kullan-Hotel-Outside-Sainyer-Gate/9999PX510-X510-131230092725-C8G4_BZDET?xid=SmhhbnNpIFJlc3RhdXJhbnRz,"Kullan Hotel in Outside Sainyer Gate, jhansi",+(91)-9838770436,Kullan Hotel
https://www.justdial.com/jhansi/Naushad-Hotel-Outside-Sayner-Gate-Govind-Chauraha/9999PX510-X510-131231092500-R5J8_BZDET?xid=SmhhbnNpIFJlc3RhdXJhbnRz,"Naushad Hotel in Outside Sayner Gate Govind Chauraha, jhansi",+(91)-9793961712,Naushad Hotel
https://www.justdial.com/Jhansi/Next-Plates-Mission-Gate-BKD-Chok/9999PX510-X510-150820102650-K4C9_BZDET?xid=SmhhbnNpIFJlc3RhdXJhbnRz,"Next Plates in BKD Chok, Jhansi",+(91)-7693986818,Next Plates